43
4 10 100 255 0 0
4 15 95 255 0 0
4 22 91 255 0 0
4 30 89 255 0 0
4 38 88 255 0 0
4 46 89 255 0 0
4 52 91 255 0 0
4 60 95 255 0 0
4 66 100 255 0 0
4 10 115 255 0 0
4 20 123 255 0 0
4 30 127 255 0 0
4 38 130 255 0 0
4 48 127 255 0 0
4 58 123 255 0 0
4 66 115 255 0 0
4 9 108 255 0 0
4 67 108 255 0 0
4 100 90 0 0 255
4 105 90 0 0 255
4 110 90 0 0 255
4 115 90 0 0 255
4 120 90 0 0 255
4 100 95 0 0 255
4 105 95 0 0 255
4 110 95 0 0 255
4 115 95 0 0 255
4 120 95 0 0 255
4 100 100 0 0 255
4 105 100 0 0 255
4 110 100 0 0 255
4 115 100 0 0 255
4 120 100 0 0 255
4 100 105 0 0 255
4 105 105 0 0 255
4 110 105 0 0 255
4 115 105 0 0 255
4 120 105 0 0 255
4 100 110 0 0 255
4 105 110 0 0 255
4 110 110 0 0 255
4 115 110 0 0 255
4 120 110 0 0 255